[Dimensional_Construct.jpg]
filters=autolight=1;finetune2=1,0.070175,0.112281,0.182456,00000000,0.000000;HDR=1,1.760234,2.298246,15.204679;Boost=1,25.730995;finetune2=1,0.000000,0.000000,0.000000,00000000,-0.029240;
moddate=33b7db4f52e2d301
width=1600
height=1200
textactive=0
